[[0.          ]
 [0.          ]
 [0.          ]
 [0.          ]
 [0.          ]
 [0.          ]
 [0.          ]
 [0.          ]
 [0.          ]
 [0.          ]
 [0.          ]
 [0.          ]
 [0.          ]
 [0.          ]
 [0.          ]
 [0.          ]
 [0.          ]
 [0.          ]
 [0.0000000165]
 [0.0000000003]
 [0.0609956501]
 [0.0597389152]
 [0.0000000003]
 [0.0720138927]
 [0.          ]
 [0.          ]
 [0.          ]
 [0.          ]
 [0.          ]
 [0.0000000018]
 [0.0000000002]
 [0.          ]
 [0.000000003 ]
 [0.          ]
 [0.0239593464]
 [0.0000735687]
 [0.          ]
 [0.          ]
 [0.0000000003]
 [0.0008004382]
 [0.          ]
 [0.0000000003]
 [0.0542961814]
 [0.0794627177]
 [0.          ]
 [0.000000002 ]
 [0.0000027327]
 [0.          ]
 [0.          ]
 [0.          ]
 [0.          ]
 [0.          ]
 [0.          ]
 [0.0000735687]
 [0.          ]
 [0.          ]
 [0.0000000001]
 [0.          ]
 [0.          ]
 [0.0000000017]
 [0.00170867  ]
 [0.0000000001]
 [0.0000000235]
 [0.          ]
 [0.          ]
 [0.          ]
 [0.0000000003]
 [0.          ]
 [0.          ]
 [0.0177044362]
 [0.0000719083]
 [0.          ]
 [0.0000000001]
 [0.          ]
 [0.          ]
 [0.          ]
 [0.          ]
 [0.          ]
 [0.          ]
 [0.          ]
 [0.          ]
 [0.0000000003]
 [0.0000000003]
 [0.0000000008]
 [0.          ]
 [0.          ]
 [0.          ]
 [0.          ]
 [0.0000000005]
 [0.0000005977]
 [0.0000000003]
 [0.0208979793]
 [0.0000000001]
 [0.0660577241]
 [0.          ]
 [0.100360697 ]
 [0.          ]
 [0.0000000003]
 [0.          ]
 [0.0000000001]
 [0.0000000003]
 [0.          ]
 [0.          ]
 [0.0013540503]
 [0.000000097 ]
 [0.0000000002]
 [0.          ]
 [0.0000000001]
 [0.0164477013]
 [0.0000000003]
 [0.0000000003]
 [0.          ]
 [0.0000000346]
 [0.0000000781]
 [0.          ]
 [0.0000000781]
 [0.          ]
 [0.          ]
 [0.0000000247]
 [0.          ]
 [0.0000000247]
 [0.0017030055]
 [0.          ]
 [0.0000000007]
 [0.          ]
 [0.0000036471]
 [0.0000000001]
 [0.0000201969]
 [0.          ]
 [0.0002295654]
 [0.          ]
 [0.0000000003]
 [0.          ]
 [0.0003495968]
 [0.0000201969]
 [0.0001656708]
 [0.0031935431]
 [0.          ]
 [0.0000000001]
 [0.0000000001]
 [0.0001080172]
 [0.0001080172]
 [0.0000000012]
 [0.0000000003]
 [0.          ]
 [0.0000000001]
 [0.0000201969]
 [0.0005599522]
 [0.          ]
 [0.          ]
 [0.          ]
 [0.0469427779]
 [0.0000000165]
 [0.          ]
 [0.          ]
 [0.          ]
 [0.0000000346]
 [0.          ]
 [0.          ]
 [0.0000258614]
 [0.0000000001]
 [0.          ]
 [0.0000000003]
 [0.          ]
 [0.          ]
 [0.0000000781]
 [0.0186620636]
 [0.          ]
 [0.0000000003]
 [0.          ]
 [0.000186118 ]
 [0.0000000165]
 [0.          ]
 [0.          ]
 [0.          ]
 [0.          ]
 [0.0000000003]
 [0.          ]
 [0.          ]
 [0.          ]
 [0.0000201969]
 [0.          ]
 [0.0000000001]
 [0.          ]
 [0.0007058249]
 [0.          ]
 [0.000000002 ]
 [0.0000000001]
 [0.0000052528]
 [0.          ]
 [0.0000000012]
 [0.0000015121]
 [0.          ]
 [0.          ]
 [0.          ]
 [0.          ]
 [0.          ]
 [0.          ]
 [0.          ]
 [0.0000000002]
 [0.          ]
 [0.00000463  ]
 [0.          ]
 [0.0585118361]
 [0.0000000001]
 [0.0000000003]
 [0.          ]
 [0.          ]
 [0.          ]
 [0.0000000003]
 [0.0000000003]
 [0.0007099478]
 [0.          ]
 [0.          ]
 [0.          ]
 [0.0001080172]
 [0.0001341635]
 [0.0000000001]
 [0.          ]
 [0.          ]
 [0.0000000346]
 [0.0000000002]
 [0.          ]
 [0.          ]
 [0.0000000001]
 [0.0000000208]
 [0.0000000002]
 [0.          ]
 [0.          ]
 [0.0000000001]
 [0.          ]
 [0.          ]
 [0.0000735687]
 [0.          ]
 [0.          ]
 [0.          ]
 [0.0000000001]
 [0.0000000001]
 [0.          ]
 [0.          ]
 [0.          ]
 [0.          ]
 [0.          ]
 [0.0000000008]
 [0.0000000001]
 [0.0000000208]
 [0.          ]
 [0.0000000003]
 [0.0004148601]
 [0.          ]
 [0.0001080172]
 [0.0000000003]
 [0.0000000167]
 [0.          ]
 [0.          ]
 [0.0000000017]
 [0.          ]
 [0.0000000012]
 [0.0000000235]
 [0.0000000001]
 [0.          ]
 [0.          ]
 [0.          ]
 [0.0000001248]
 [0.0004776571]
 [0.          ]
 [0.0000015121]
 [0.          ]
 [0.          ]
 [0.          ]
 [0.          ]
 [0.          ]
 [0.0325199398]
 [0.0001080172]
 [0.          ]
 [0.          ]
 [0.0524685681]
 [0.          ]
 [0.0002579352]
 [0.          ]
 [0.          ]
 [0.000673634 ]
 [0.          ]
 [0.          ]
 [0.          ]
 [0.0000000001]
 [0.0008004382]
 [0.          ]
 [0.0000000001]
 [0.          ]
 [0.0000001179]
 [0.          ]
 [0.          ]
 [0.0000000003]
 [0.0000000001]
 [0.          ]
 [0.          ]
 [0.          ]
 [0.          ]
 [0.0003742415]
 [0.          ]
 [0.          ]
 [0.          ]
 [0.0000000003]
 [0.          ]
 [0.0000000004]
 [0.0000000534]
 [0.0000000003]
 [0.0000000228]
 [0.          ]
 [0.0000201969]
 [0.          ]
 [0.          ]
 [0.          ]
 [0.0000201969]
 [0.          ]
 [0.0000201969]
 [0.0000000001]
 [0.          ]
 [0.          ]
 [0.0163467828]
 [0.          ]
 [0.0000000553]
 [0.          ]
 [0.0007378983]
 [0.0001120578]
 [0.0534708215]
 [0.          ]
 [0.          ]
 [0.          ]
 [0.0350690599]
 [0.0000000018]
 [0.0000000003]
 [0.0000000001]
 [0.          ]
 [0.          ]
 [0.          ]
 [0.0000000001]
 [0.0000000003]
 [0.0000000003]
 [0.0000000346]
 [0.0000000001]
 [0.          ]
 [0.0001341635]
 [0.0000000346]
 [0.          ]
 [0.          ]
 [0.0006258406]
 [0.0000005977]
 [0.0000000781]
 [0.0001341635]
 [0.0000000003]
 [0.          ]
 [0.0000000001]
 [0.0000000001]
 [0.          ]
 [0.0000000003]
 [0.0000000001]
 [0.          ]
 [0.0000000001]
 [0.          ]
 [0.0000000001]
 [0.0006347674]
 [0.          ]
 [0.0000000003]
 [0.          ]
 [0.0000000346]
 [0.0000000001]
 [0.0110182426]
 [0.          ]
 [0.          ]
 [0.0000067649]
 [0.0000000001]
 [0.          ]
 [0.          ]
 [0.0000000001]
 [0.          ]
 [0.0000000001]
 [0.0000000001]
 [0.0000000014]
 [0.00023523  ]
 [0.0000000001]
 [0.0000000346]
 [0.          ]
 [0.0000000554]
 [0.0540387714]
 [0.          ]
 [0.0000000001]
 [0.          ]
 [0.0000000534]
 [0.          ]
 [0.0000000346]
 [0.0000000003]
 [0.0000000228]
 [0.0000000228]
 [0.0000000002]
 [0.          ]
 [0.0000000012]
 [0.0000027327]
 [0.          ]
 [0.          ]
 [0.0000000003]
 [0.0000000003]
 [0.0000201969]
 [0.          ]
 [0.0000000166]
 [0.          ]
 [0.0000000554]
 [0.          ]
 [0.0000201969]
 [0.0002579352]
 [0.          ]
 [0.0005117551]
 [0.          ]
 [0.0000056646]
 [0.0001080172]
 [0.          ]
 [0.0000000003]
 [0.0000000346]
 [0.0000000208]
 [0.0000719083]
 [0.0031935431]
 [0.          ]
 [0.000000003 ]
 [0.          ]
 [0.          ]
 [0.0000000003]
 [0.0000201969]
 [0.          ]
 [0.0000000003]
 [0.          ]
 [0.0000000001]
 [0.0000000404]
 [0.          ]
 [0.0002579352]
 [0.0000000024]
 [0.          ]
 [0.0000000003]
 [0.0248360594]
 [0.0001080172]
 [0.          ]
 [0.          ]
 [0.          ]
 [0.0000000024]
 [0.000002135 ]
 [0.          ]
 [0.          ]
 [0.          ]
 [0.          ]
 [0.          ]
 [0.          ]
 [0.0000000001]
 [0.0000000001]
 [0.0006148039]
 [0.          ]
 [0.          ]
 [0.0005425029]
 [0.          ]
 [0.000000002 ]
 [0.          ]
 [0.0000000003]
 [0.          ]
 [0.0000000362]
 [0.          ]
 [0.          ]
 [0.          ]
 [0.          ]
 [0.0000000024]
 [0.          ]]